# unix_time, cycles_done, cur_path, paths_total, pending_total, pending_favs, map_size, unique_crashes, unique_hangs, max_depth, execs_per_sec
1641444348, 0, 0, 1, 1, 1, 1.80%, 0, 0, 1, 18.44
1641444384, 0, 0, 2, 2, 1, 1.80%, 0, 0, 2, 11.87
1641444404, 0, 0, 4, 4, 1, 1.81%, 0, 0, 2, 13.14
1641444410, 0, 0, 8, 8, 1, 1.83%, 3, 0, 2, 11.65
1641444415, 0, 0, 10, 10, 1, 1.84%, 8, 0, 2, 11.13
1641444420, 0, 0, 12, 12, 1, 1.85%, 10, 0, 2, 12.51
1641444425, 0, 0, 12, 12, 1, 1.85%, 11, 0, 2, 16.30
1641444430, 0, 0, 12, 12, 1, 1.85%, 12, 0, 2, 16.56
1641444441, 0, 0, 13, 13, 1, 1.85%, 12, 0, 2, 10.28
1641444466, 0, 0, 13, 13, 1, 1.85%, 13, 0, 2, 13.18
1641444487, 0, 0, 14, 14, 1, 1.85%, 13, 0, 2, 13.21
1641444513, 0, 0, 15, 15, 1, 1.85%, 13, 0, 2, 13.86
