# unix_time, cycles_done, cur_path, paths_total, pending_total, pending_favs, map_size, unique_crashes, unique_hangs, max_depth, execs_per_sec
1624329251, 0, 0, 1, 1, 1, 0.00%, 0, 0, 1, 21.22
1624329292, 0, 0, 1, 1, 1, 0.00%, 1, 0, 1, 11.63
1624329302, 1, 0, 1, 0, 0, 0.00%, 1, 0, 1, 15.85
1624329307, 3, 0, 1, 0, 0, 0.00%, 1, 0, 1, 16.68
1624329312, 5, 0, 1, 0, 0, 0.00%, 1, 0, 1, 17.89
1624329318, 7, 0, 1, 0, 0, 0.00%, 1, 0, 1, 16.39
1624329323, 8, 0, 1, 0, 0, 0.00%, 1, 0, 1, 18.24
1624329328, 10, 0, 1, 0, 0, 0.00%, 1, 0, 1, 16.92
1624329333, 12, 0, 1, 0, 0, 0.00%, 1, 0, 1, 16.80
1624329338, 13, 0, 1, 0, 0, 0.00%, 1, 0, 1, 16.84
1624329343, 15, 0, 1, 0, 0, 0.00%, 1, 0, 1, 16.84
1624329348, 17, 0, 1, 0, 0, 0.00%, 1, 0, 1, 16.48
1624329353, 18, 0, 1, 0, 0, 0.00%, 1, 0, 1, 14.84
1624329359, 19, 0, 1, 0, 0, 0.00%, 1, 0, 1, 14.82
1624329364, 21, 0, 1, 0, 0, 0.00%, 1, 0, 1, 15.94
1624329369, 23, 0, 1, 0, 0, 0.00%, 1, 0, 1, 15.28
1624329374, 24, 0, 1, 0, 0, 0.00%, 1, 0, 1, 17.28
1624329379, 26, 0, 1, 0, 0, 0.00%, 1, 0, 1, 15.86
1624329384, 27, 0, 1, 0, 0, 0.00%, 1, 0, 1, 15.29
1624329389, 29, 0, 1, 0, 0, 0.00%, 1, 0, 1, 14.73
1624329394, 30, 0, 1, 0, 0, 0.00%, 1, 0, 1, 16.41
1624329399, 32, 0, 1, 0, 0, 0.00%, 1, 0, 1, 17.28
1624329404, 34, 0, 1, 0, 0, 0.00%, 1, 0, 1, 17.58
1624329410, 36, 0, 1, 0, 0, 0.00%, 1, 0, 1, 16.42
1624329415, 37, 0, 1, 0, 0, 0.00%, 1, 0, 1, 16.47
1624329420, 39, 0, 1, 0, 0, 0.00%, 1, 0, 1, 17.58
1624329425, 41, 0, 1, 0, 0, 0.00%, 1, 0, 1, 17.58
1624329430, 42, 0, 1, 0, 0, 0.00%, 1, 0, 1, 16.85
1624329435, 44, 0, 1, 0, 0, 0.00%, 1, 0, 1, 16.88
