# relative_time, cycles_done, cur_path, paths_total, pending_total, pending_favs, map_size, unique_crashes, unique_hangs, max_depth, execs_per_sec, total_execs, edges_found
61, 4, 1, 2, 0, 0, 0.03%, 2, 0, 1, 18.46, 964, 18
66, 5, 1, 2, 0, 0, 0.03%, 2, 0, 1, 17.29, 1053, 18
71, 5, 1, 2, 0, 0, 0.03%, 2, 0, 1, 18.80, 1150, 18
76, 5, 1, 2, 0, 0, 0.03%, 2, 0, 1, 18.50, 1239, 18
82, 6, 1, 2, 0, 0, 0.03%, 2, 0, 1, 17.96, 1330, 18
87, 6, 1, 2, 0, 0, 0.03%, 2, 0, 1, 17.71, 1416, 18
92, 7, 1, 2, 0, 0, 0.03%, 2, 0, 1, 15.84, 1492, 18
97, 7, 1, 2, 0, 0, 0.03%, 2, 0, 1, 17.85, 1583, 18
102, 8, 1, 2, 0, 0, 0.03%, 2, 0, 1, 18.42, 1666, 18
107, 8, 1, 2, 0, 0, 0.03%, 2, 0, 1, 18.69, 1762, 18
112, 8, 1, 2, 0, 0, 0.03%, 2, 0, 1, 17.27, 1843, 18
117, 9, 1, 2, 0, 0, 0.03%, 2, 0, 1, 17.29, 1933, 18
122, 9, 1, 2, 0, 0, 0.03%, 2, 0, 1, 17.67, 2020, 18
127, 10, 1, 2, 0, 0, 0.03%, 2, 0, 1, 16.51, 2105, 18
133, 10, 1, 2, 0, 0, 0.03%, 2, 0, 1, 16.31, 2187, 18
138, 11, 1, 2, 0, 0, 0.03%, 2, 0, 1, 15.78, 2267, 18
143, 11, 1, 2, 0, 0, 0.03%, 2, 0, 1, 14.80, 2341, 18
148, 11, 1, 2, 0, 0, 0.03%, 2, 0, 1, 14.48, 2412, 18
153, 12, 1, 2, 0, 0, 0.03%, 2, 0, 1, 18.02, 2512, 18
158, 12, 1, 2, 0, 0, 0.03%, 2, 0, 1, 17.20, 2594, 18
163, 13, 1, 2, 0, 0, 0.03%, 2, 0, 1, 17.56, 2685, 18
168, 13, 1, 2, 0, 0, 0.03%, 2, 0, 1, 17.29, 2770, 18
174, 13, 1, 2, 0, 0, 0.03%, 2, 0, 1, 16.82, 2857, 18
179, 14, 1, 2, 0, 0, 0.03%, 2, 0, 1, 17.77, 2946, 18
184, 14, 1, 2, 0, 0, 0.03%, 2, 0, 1, 16.15, 3028, 18
189, 15, 1, 2, 0, 0, 0.03%, 2, 0, 1, 17.99, 3120, 18
194, 15, 1, 2, 0, 0, 0.03%, 2, 0, 1, 15.87, 3197, 18
199, 15, 1, 2, 0, 0, 0.03%, 2, 0, 1, 16.19, 3279, 18
204, 16, 1, 2, 0, 0, 0.03%, 2, 0, 1, 16.43, 3364, 18
209, 16, 1, 2, 0, 0, 0.03%, 2, 0, 1, 17.20, 3452, 18
215, 17, 1, 2, 0, 0, 0.03%, 2, 0, 1, 16.04, 3528, 18
220, 17, 1, 2, 0, 0, 0.03%, 2, 0, 1, 15.83, 3607, 18
225, 18, 1, 2, 0, 0, 0.03%, 2, 0, 1, 16.03, 3690, 18
230, 18, 1, 2, 0, 0, 0.03%, 2, 0, 1, 18.06, 3781, 18
235, 18, 1, 2, 0, 0, 0.03%, 2, 0, 1, 18.82, 3876, 18
240, 19, 1, 2, 0, 0, 0.03%, 2, 0, 1, 19.76, 3972, 18
245, 19, 1, 2, 0, 0, 0.03%, 2, 0, 1, 18.99, 4067, 18
250, 20, 1, 2, 0, 0, 0.03%, 2, 0, 1, 17.24, 4155, 18
255, 20, 1, 2, 0, 0, 0.03%, 2, 0, 1, 17.85, 4248, 18
260, 21, 1, 2, 0, 0, 0.03%, 2, 0, 1, 18.73, 4341, 18
265, 21, 1, 2, 0, 0, 0.03%, 2, 0, 1, 16.97, 4423, 18
271, 22, 1, 2, 0, 0, 0.03%, 2, 0, 1, 16.44, 4506, 18
276, 22, 1, 2, 0, 0, 0.03%, 2, 0, 1, 16.79, 4593, 18
281, 22, 1, 2, 0, 0, 0.03%, 2, 0, 1, 16.39, 4679, 18
286, 23, 1, 2, 0, 0, 0.03%, 2, 0, 1, 18.99, 4779, 18
291, 23, 1, 2, 0, 0, 0.03%, 2, 0, 1, 18.55, 4868, 18
296, 24, 1, 2, 0, 0, 0.03%, 2, 0, 1, 18.71, 4966, 18
301, 24, 1, 2, 0, 0, 0.03%, 2, 0, 1, 17.38, 5052, 18
306, 25, 1, 2, 0, 0, 0.03%, 2, 0, 1, 17.42, 5139, 18
311, 25, 1, 2, 0, 0, 0.03%, 2, 0, 1, 18.47, 5230, 18
317, 25, 1, 2, 0, 0, 0.03%, 2, 0, 1, 16.38, 5318, 18
322, 26, 1, 2, 0, 0, 0.03%, 2, 0, 1, 19.03, 5418, 18
327, 26, 1, 2, 0, 0, 0.03%, 2, 0, 1, 18.74, 5508, 18
332, 27, 1, 2, 0, 0, 0.03%, 2, 0, 1, 17.86, 5600, 18
337, 27, 1, 2, 0, 0, 0.03%, 2, 0, 1, 17.27, 5684, 18
342, 28, 1, 2, 0, 0, 0.03%, 2, 0, 1, 16.45, 5765, 18
347, 28, 1, 2, 0, 0, 0.03%, 2, 0, 1, 15.76, 5845, 18
353, 28, 1, 2, 0, 0, 0.03%, 2, 0, 1, 14.91, 5920, 18
358, 29, 1, 2, 0, 0, 0.03%, 2, 0, 1, 17.83, 6009, 18
363, 29, 1, 2, 0, 0, 0.03%, 2, 0, 1, 16.82, 6092, 18
368, 30, 1, 2, 0, 0, 0.03%, 2, 0, 1, 16.54, 6176, 18
373, 30, 1, 2, 0, 0, 0.03%, 2, 0, 1, 15.81, 6255, 18
378, 30, 1, 2, 0, 0, 0.03%, 2, 0, 1, 16.03, 6337, 18
383, 31, 1, 2, 0, 0, 0.03%, 2, 0, 1, 16.55, 6420, 18
388, 31, 1, 2, 0, 0, 0.03%, 2, 0, 1, 17.88, 6514, 18
393, 32, 1, 2, 0, 0, 0.03%, 2, 0, 1, 17.82, 6599, 18
398, 32, 1, 2, 0, 0, 0.03%, 2, 0, 1, 17.36, 6688, 18
403, 33, 1, 2, 0, 0, 0.03%, 2, 0, 1, 18.35, 6780, 18
408, 33, 1, 2, 0, 0, 0.03%, 2, 0, 1, 17.08, 6864, 18
414, 33, 1, 2, 0, 0, 0.03%, 2, 0, 1, 16.29, 6949, 18
419, 34, 1, 2, 0, 0, 0.03%, 2, 0, 1, 16.18, 7027, 18
424, 34, 1, 2, 0, 0, 0.03%, 2, 0, 1, 17.03, 7119, 18
429, 35, 1, 2, 0, 0, 0.03%, 2, 0, 1, 18.25, 7211, 18
434, 35, 1, 2, 0, 0, 0.03%, 2, 0, 1, 16.32, 7298, 18
439, 36, 1, 2, 0, 0, 0.03%, 2, 0, 1, 16.84, 7385, 18
444, 36, 1, 2, 0, 0, 0.03%, 2, 0, 1, 15.74, 7465, 18
450, 36, 1, 2, 0, 0, 0.03%, 2, 0, 1, 17.99, 7556, 18
455, 37, 1, 2, 0, 0, 0.03%, 2, 0, 1, 16.41, 7637, 18
460, 37, 1, 2, 0, 0, 0.03%, 2, 0, 1, 16.61, 7722, 18
465, 38, 1, 2, 0, 0, 0.03%, 2, 0, 1, 15.25, 7799, 18
470, 38, 1, 2, 0, 0, 0.03%, 2, 0, 1, 15.68, 7880, 18
475, 38, 1, 2, 0, 0, 0.03%, 2, 0, 1, 16.29, 7962, 18
480, 39, 1, 2, 0, 0, 0.03%, 2, 0, 1, 16.96, 8048, 18
485, 39, 1, 2, 0, 0, 0.03%, 2, 0, 1, 16.14, 8130, 18
491, 40, 1, 2, 0, 0, 0.03%, 2, 0, 1, 14.81, 8206, 18
496, 40, 1, 2, 0, 0, 0.03%, 2, 0, 1, 14.92, 8281, 18
501, 40, 1, 2, 0, 0, 0.03%, 2, 0, 1, 16.72, 8367, 18
506, 41, 1, 2, 0, 0, 0.03%, 2, 0, 1, 17.79, 8461, 18
511, 41, 1, 2, 0, 0, 0.03%, 2, 0, 1, 18.15, 8552, 18
516, 42, 1, 2, 0, 0, 0.03%, 2, 0, 1, 17.51, 8642, 18
521, 42, 1, 2, 0, 0, 0.03%, 2, 0, 1, 16.71, 8724, 18
527, 43, 1, 2, 0, 0, 0.03%, 2, 0, 1, 15.44, 8802, 18
532, 43, 1, 2, 0, 0, 0.03%, 2, 0, 1, 16.50, 8886, 18
537, 43, 1, 2, 0, 0, 0.03%, 2, 0, 1, 15.71, 8965, 18
542, 44, 1, 2, 0, 0, 0.03%, 2, 0, 1, 15.08, 9039, 18
547, 44, 1, 2, 0, 0, 0.03%, 2, 0, 1, 14.11, 9110, 18
552, 44, 1, 2, 0, 0, 0.03%, 2, 0, 1, 13.52, 9177, 18
557, 45, 1, 2, 0, 0, 0.03%, 2, 0, 1, 13.01, 9241, 18
562, 45, 1, 2, 0, 0, 0.03%, 2, 0, 1, 13.15, 9307, 18
568, 45, 1, 2, 0, 0, 0.03%, 2, 0, 1, 17.04, 9396, 18
573, 46, 1, 2, 0, 0, 0.03%, 2, 0, 1, 17.69, 9487, 18
578, 46, 1, 2, 0, 0, 0.03%, 2, 0, 1, 18.42, 9582, 18
583, 47, 1, 2, 0, 0, 0.03%, 2, 0, 1, 17.96, 9670, 18
588, 47, 1, 2, 0, 0, 0.03%, 2, 0, 1, 18.72, 9761, 18
593, 48, 1, 2, 0, 0, 0.03%, 2, 0, 1, 16.90, 9844, 18
598, 48, 1, 2, 0, 0, 0.03%, 2, 0, 1, 16.96, 9931, 18
603, 49, 1, 2, 0, 0, 0.03%, 2, 0, 1, 17.90, 10020, 18
608, 49, 1, 2, 0, 0, 0.03%, 2, 0, 1, 17.96, 10111, 18
613, 49, 1, 2, 0, 0, 0.03%, 2, 0, 1, 18.14, 10208, 18
619, 50, 1, 2, 0, 0, 0.03%, 2, 0, 1, 18.07, 10299, 18
624, 50, 1, 2, 0, 0, 0.03%, 2, 0, 1, 16.92, 10387, 18
629, 51, 1, 2, 0, 0, 0.03%, 3, 0, 1, 18.73, 10487, 18
634, 51, 1, 2, 0, 0, 0.03%, 3, 0, 1, 17.85, 10578, 18
639, 52, 1, 2, 0, 0, 0.03%, 3, 0, 1, 18.25, 10668, 18
644, 52, 1, 2, 0, 0, 0.03%, 3, 0, 1, 17.88, 10756, 18
649, 53, 1, 2, 0, 0, 0.03%, 3, 0, 1, 18.22, 10847, 18
655, 53, 1, 2, 0, 0, 0.03%, 3, 0, 1, 19.45, 10951, 18
660, 54, 1, 2, 0, 0, 0.03%, 3, 0, 1, 19.12, 11045, 18
665, 54, 1, 2, 0, 0, 0.03%, 3, 0, 1, 18.30, 11135, 18
670, 55, 1, 2, 0, 0, 0.03%, 3, 0, 1, 19.85, 11242, 18
675, 55, 1, 2, 0, 0, 0.03%, 3, 0, 1, 18.00, 11326, 18
680, 55, 1, 2, 0, 0, 0.03%, 3, 0, 1, 16.82, 11408, 18
685, 56, 1, 2, 0, 0, 0.03%, 3, 0, 1, 17.31, 11497, 18
690, 56, 1, 2, 0, 0, 0.03%, 3, 0, 1, 17.38, 11586, 18
696, 57, 1, 2, 0, 0, 0.03%, 3, 0, 1, 16.40, 11667, 18
701, 57, 1, 2, 0, 0, 0.03%, 3, 0, 1, 16.49, 11748, 18
706, 57, 1, 2, 0, 0, 0.03%, 3, 0, 1, 15.31, 11827, 18
711, 58, 1, 2, 0, 0, 0.03%, 3, 0, 1, 15.04, 11905, 18
716, 58, 1, 2, 0, 0, 0.03%, 3, 0, 1, 14.92, 11980, 18
721, 59, 1, 2, 0, 0, 0.03%, 3, 0, 1, 16.46, 12064, 18
726, 59, 1, 2, 0, 0, 0.03%, 3, 0, 1, 17.90, 12160, 18
731, 59, 1, 2, 0, 0, 0.03%, 3, 0, 1, 17.79, 12248, 18
737, 60, 1, 2, 0, 0, 0.03%, 3, 0, 1, 17.20, 12332, 18
742, 60, 1, 2, 0, 0, 0.03%, 3, 0, 1, 17.90, 12422, 18
747, 61, 1, 2, 0, 0, 0.03%, 3, 0, 1, 17.52, 12507, 18
752, 61, 1, 2, 0, 0, 0.03%, 3, 0, 1, 15.86, 12587, 18
757, 62, 1, 2, 0, 0, 0.03%, 3, 0, 1, 17.30, 12679, 18
762, 62, 1, 2, 0, 0, 0.03%, 3, 0, 1, 17.05, 12765, 18
767, 62, 1, 2, 0, 0, 0.03%, 3, 0, 1, 17.86, 12856, 18
772, 63, 1, 2, 0, 0, 0.03%, 3, 0, 1, 17.23, 12940, 18
777, 63, 1, 2, 0, 0, 0.03%, 3, 0, 1, 17.48, 13027, 18
782, 64, 1, 2, 0, 0, 0.03%, 3, 0, 1, 16.76, 13112, 18
787, 64, 1, 2, 0, 0, 0.03%, 3, 0, 1, 18.47, 13202, 18
793, 65, 1, 2, 0, 0, 0.03%, 3, 0, 1, 17.86, 13297, 18
798, 65, 1, 2, 0, 0, 0.03%, 3, 0, 1, 17.82, 13388, 18
803, 65, 1, 2, 0, 0, 0.03%, 3, 0, 1, 18.18, 13475, 18
808, 66, 1, 2, 0, 0, 0.03%, 3, 0, 1, 16.51, 13563, 18
813, 66, 1, 2, 0, 0, 0.03%, 3, 0, 1, 16.42, 13649, 18
819, 67, 1, 2, 0, 0, 0.03%, 3, 0, 1, 16.63, 13734, 18
824, 67, 1, 2, 0, 0, 0.03%, 3, 0, 1, 16.08, 13814, 18
829, 68, 1, 2, 0, 0, 0.03%, 3, 0, 1, 18.14, 13907, 18
834, 68, 1, 2, 0, 0, 0.03%, 3, 0, 1, 17.86, 13998, 18
839, 68, 1, 2, 0, 0, 0.03%, 3, 0, 1, 16.81, 14083, 18
844, 69, 1, 2, 0, 0, 0.03%, 3, 0, 1, 17.11, 14173, 18
849, 69, 1, 2, 0, 0, 0.03%, 3, 0, 1, 20.35, 14286, 18
854, 70, 1, 2, 0, 0, 0.03%, 3, 0, 1, 19.81, 14386, 18
860, 70, 1, 2, 0, 0, 0.03%, 3, 0, 1, 19.96, 14484, 18
865, 71, 1, 2, 0, 0, 0.03%, 3, 0, 1, 19.01, 14581, 18
870, 71, 1, 2, 0, 0, 0.03%, 3, 0, 1, 19.16, 14678, 18
875, 72, 1, 2, 0, 0, 0.03%, 3, 0, 1, 18.63, 14770, 18
880, 72, 1, 2, 0, 0, 0.03%, 3, 0, 1, 17.16, 14853, 18
885, 73, 1, 2, 0, 0, 0.03%, 3, 0, 1, 16.93, 14939, 18
890, 73, 1, 2, 0, 0, 0.03%, 3, 0, 1, 17.17, 15029, 18
895, 74, 1, 2, 0, 0, 0.03%, 3, 0, 1, 17.61, 15116, 18
901, 74, 1, 2, 0, 0, 0.03%, 3, 0, 1, 18.74, 15217, 18
906, 74, 1, 2, 0, 0, 0.03%, 3, 0, 1, 18.45, 15308, 18
911, 75, 1, 2, 0, 0, 0.03%, 3, 0, 1, 19.76, 15409, 18
916, 75, 1, 2, 0, 0, 0.03%, 3, 0, 1, 19.06, 15500, 18
921, 76, 1, 2, 0, 0, 0.03%, 3, 0, 1, 18.47, 15594, 18
926, 76, 1, 2, 0, 0, 0.03%, 3, 0, 1, 18.36, 15686, 18
931, 77, 1, 2, 0, 0, 0.03%, 3, 0, 1, 17.81, 15776, 18
936, 77, 1, 2, 0, 0, 0.03%, 3, 0, 1, 16.51, 15862, 18
941, 78, 1, 2, 0, 0, 0.03%, 3, 0, 1, 16.51, 15946, 18
947, 78, 1, 2, 0, 0, 0.03%, 3, 0, 1, 15.85, 16026, 18
952, 78, 1, 2, 0, 0, 0.03%, 3, 0, 1, 16.93, 16112, 18
957, 79, 1, 2, 0, 0, 0.03%, 3, 0, 1, 18.54, 16210, 18
962, 79, 1, 2, 0, 0, 0.03%, 3, 0, 1, 18.19, 16303, 18
967, 80, 1, 2, 0, 0, 0.03%, 3, 0, 1, 17.82, 16391, 18
972, 80, 1, 2, 0, 0, 0.03%, 3, 0, 1, 18.11, 16481, 18
977, 81, 1, 2, 0, 0, 0.03%, 3, 0, 1, 19.16, 16579, 18
982, 81, 1, 2, 0, 0, 0.03%, 3, 0, 1, 20.10, 16679, 18
988, 82, 1, 2, 0, 0, 0.03%, 3, 0, 1, 19.89, 16778, 18
993, 82, 1, 2, 0, 0, 0.03%, 3, 0, 1, 18.69, 16868, 18
998, 83, 1, 2, 0, 0, 0.03%, 3, 0, 1, 18.48, 16965, 18
1003, 83, 1, 2, 0, 0, 0.03%, 3, 0, 1, 18.83, 17060, 18
1008, 83, 1, 2, 0, 0, 0.03%, 3, 0, 1, 17.85, 17145, 18
1013, 84, 1, 2, 0, 0, 0.03%, 3, 0, 1, 17.08, 17230, 18
1018, 84, 1, 2, 0, 0, 0.03%, 3, 0, 1, 17.94, 17324, 18
1023, 85, 1, 2, 0, 0, 0.03%, 3, 0, 1, 17.89, 17414, 18
1029, 85, 1, 2, 0, 0, 0.03%, 3, 0, 1, 17.45, 17501, 18
1034, 86, 1, 2, 0, 0, 0.03%, 3, 0, 1, 16.23, 17584, 18
1039, 86, 1, 2, 0, 0, 0.03%, 3, 0, 1, 15.80, 17667, 18
1044, 86, 1, 2, 0, 0, 0.03%, 3, 0, 1, 16.73, 17756, 18
1049, 87, 1, 2, 0, 0, 0.03%, 3, 0, 1, 16.21, 17836, 18
1054, 87, 1, 2, 0, 0, 0.03%, 3, 0, 1, 16.26, 17919, 18
1059, 88, 1, 2, 0, 0, 0.03%, 3, 0, 1, 16.85, 18000, 18
1065, 88, 1, 2, 0, 0, 0.03%, 3, 0, 1, 16.34, 18084, 18
1070, 89, 1, 2, 0, 0, 0.03%, 3, 0, 1, 17.62, 18177, 18
1075, 89, 1, 2, 0, 0, 0.03%, 3, 0, 1, 16.98, 18261, 18
1080, 89, 1, 2, 0, 0, 0.03%, 3, 0, 1, 16.75, 18346, 18
1085, 90, 1, 2, 0, 0, 0.03%, 3, 0, 1, 16.61, 18432, 18
1090, 90, 1, 2, 0, 0, 0.03%, 3, 0, 1, 16.40, 18513, 18
1095, 91, 1, 2, 0, 0, 0.03%, 3, 0, 1, 17.61, 18600, 18
1100, 91, 1, 2, 0, 0, 0.03%, 3, 0, 1, 16.41, 18682, 18
1105, 91, 1, 2, 0, 0, 0.03%, 3, 0, 1, 17.15, 18772, 18
1110, 92, 1, 2, 0, 0, 0.03%, 3, 0, 1, 16.07, 18849, 18
1116, 92, 1, 2, 0, 0, 0.03%, 3, 0, 1, 15.41, 18930, 18
1121, 93, 1, 2, 0, 0, 0.03%, 3, 0, 1, 14.72, 19006, 18
1126, 93, 1, 2, 0, 0, 0.03%, 3, 0, 1, 15.30, 19081, 18
1131, 93, 1, 2, 0, 0, 0.03%, 3, 0, 1, 14.86, 19156, 18
1136, 94, 1, 2, 0, 0, 0.03%, 3, 0, 1, 15.73, 19235, 18
1141, 94, 1, 2, 0, 0, 0.03%, 3, 0, 1, 16.18, 19318, 18
1146, 94, 1, 2, 0, 0, 0.03%, 3, 0, 1, 16.41, 19399, 18
1151, 95, 1, 2, 0, 0, 0.03%, 3, 0, 1, 16.63, 19479, 18
1157, 95, 1, 2, 0, 0, 0.03%, 3, 0, 1, 18.66, 19577, 18
1162, 96, 1, 2, 0, 0, 0.03%, 3, 0, 1, 17.71, 19665, 18
1167, 96, 1, 2, 0, 0, 0.03%, 3, 0, 1, 21.38, 19784, 18
1172, 97, 1, 2, 0, 0, 0.03%, 3, 0, 1, 20.64, 19882, 18
1177, 97, 1, 2, 0, 0, 0.03%, 3, 0, 1, 19.11, 19975, 18
1182, 98, 1, 2, 0, 0, 0.03%, 3, 0, 1, 19.83, 20077, 18
1187, 98, 1, 2, 0, 0, 0.03%, 3, 0, 1, 19.49, 20173, 18
1192, 99, 1, 2, 0, 0, 0.03%, 3, 0, 1, 18.51, 20266, 18
1197, 99, 1, 2, 0, 0, 0.03%, 3, 0, 1, 18.50, 20357, 18
1202, 100, 1, 2, 0, 0, 0.03%, 3, 0, 1, 18.15, 20448, 18
1208, 100, 1, 2, 0, 0, 0.03%, 3, 0, 1, 17.82, 20540, 18
1213, 101, 1, 2, 0, 0, 0.03%, 3, 0, 1, 17.75, 20630, 18
1218, 101, 1, 2, 0, 0, 0.03%, 3, 0, 1, 16.73, 20712, 18
1223, 101, 1, 2, 0, 0, 0.03%, 3, 0, 1, 15.54, 20791, 18
1228, 102, 1, 2, 0, 0, 0.03%, 3, 0, 1, 18.08, 20879, 18
1233, 102, 1, 2, 0, 0, 0.03%, 3, 0, 1, 19.63, 20982, 18
1238, 103, 1, 2, 0, 0, 0.03%, 3, 0, 1, 18.59, 21076, 18
1243, 103, 1, 2, 0, 0, 0.03%, 3, 0, 1, 17.93, 21165, 18
1248, 104, 1, 2, 0, 0, 0.03%, 3, 0, 1, 16.76, 21247, 18
1253, 104, 1, 2, 0, 0, 0.03%, 3, 0, 1, 16.26, 21327, 18
1258, 104, 1, 2, 0, 0, 0.03%, 3, 0, 1, 14.53, 21398, 18
1263, 105, 1, 2, 0, 0, 0.03%, 3, 0, 1, 14.69, 21473, 18
1269, 105, 1, 2, 0, 0, 0.03%, 3, 0, 1, 13.94, 21543, 18
1274, 105, 1, 2, 0, 0, 0.03%, 3, 0, 1, 15.16, 21622, 18
1279, 106, 1, 2, 0, 0, 0.03%, 3, 0, 1, 14.43, 21691, 18
1284, 106, 1, 2, 0, 0, 0.03%, 3, 0, 1, 15.80, 21771, 18
1289, 106, 1, 2, 0, 0, 0.03%, 3, 0, 1, 14.33, 21839, 18
1294, 107, 1, 2, 0, 0, 0.03%, 3, 0, 1, 13.86, 21908, 18
1299, 107, 1, 2, 0, 0, 0.03%, 3, 0, 1, 13.26, 21977, 18
1304, 108, 1, 2, 0, 0, 0.03%, 3, 0, 1, 16.22, 22065, 18
1309, 108, 1, 2, 0, 0, 0.03%, 3, 0, 1, 16.35, 22147, 18
1314, 108, 1, 2, 0, 0, 0.03%, 3, 0, 1, 16.13, 22228, 18
1320, 109, 1, 2, 0, 0, 0.03%, 3, 0, 1, 15.99, 22311, 18
1325, 109, 1, 2, 0, 0, 0.03%, 3, 0, 1, 16.76, 22400, 18
1330, 110, 1, 2, 0, 0, 0.03%, 3, 0, 1, 16.00, 22478, 18
1335, 110, 1, 2, 0, 0, 0.03%, 3, 0, 1, 14.90, 22555, 18
1340, 110, 1, 2, 0, 0, 0.03%, 3, 0, 1, 14.76, 22628, 18
1345, 111, 1, 2, 0, 0, 0.03%, 3, 0, 1, 14.77, 22705, 18
1351, 111, 1, 2, 0, 0, 0.03%, 3, 0, 1, 15.76, 22784, 18
1356, 112, 1, 2, 0, 0, 0.03%, 3, 0, 1, 16.18, 22868, 18
1361, 112, 1, 2, 0, 0, 0.03%, 3, 0, 1, 15.39, 22947, 18
1366, 112, 1, 2, 0, 0, 0.03%, 3, 0, 1, 16.43, 23035, 18
1371, 113, 1, 2, 0, 0, 0.03%, 3, 0, 1, 14.87, 23113, 18
1377, 113, 1, 2, 0, 0, 0.03%, 3, 0, 1, 14.98, 23191, 18
1382, 113, 1, 2, 0, 0, 0.03%, 3, 0, 1, 16.07, 23271, 18
1387, 114, 1, 2, 0, 0, 0.03%, 3, 0, 1, 15.09, 23347, 18
1392, 114, 1, 2, 0, 0, 0.03%, 3, 0, 1, 14.76, 23419, 18
1397, 114, 1, 2, 0, 0, 0.03%, 3, 0, 1, 17.28, 23471, 18
1402, 115, 1, 2, 0, 0, 0.03%, 3, 0, 1, 15.83, 23552, 18
1407, 115, 1, 2, 0, 0, 0.03%, 3, 0, 1, 16.02, 23632, 18
1412, 116, 1, 2, 0, 0, 0.03%, 3, 0, 1, 17.09, 23719, 18
1417, 116, 1, 2, 0, 0, 0.03%, 3, 0, 1, 17.75, 23809, 18
1423, 117, 1, 2, 0, 0, 0.03%, 3, 0, 1, 18.20, 23901, 18
1428, 117, 1, 2, 0, 0, 0.03%, 3, 0, 1, 17.33, 23988, 18
1433, 117, 1, 2, 0, 0, 0.03%, 3, 0, 1, 16.48, 24070, 18
1438, 118, 1, 2, 0, 0, 0.03%, 3, 0, 1, 16.42, 24152, 18
1443, 118, 1, 2, 0, 0, 0.03%, 3, 0, 1, 17.48, 24240, 18
1448, 119, 1, 2, 0, 0, 0.03%, 3, 0, 1, 17.98, 24332, 18
1453, 119, 1, 2, 0, 0, 0.03%, 3, 0, 1, 16.64, 24416, 18
1459, 120, 1, 2, 0, 0, 0.03%, 3, 0, 1, 16.94, 24505, 18
1464, 120, 1, 2, 0, 0, 0.03%, 3, 0, 1, 17.49, 24596, 18
1469, 120, 1, 2, 0, 0, 0.03%, 3, 0, 1, 16.67, 24678, 18
1474, 121, 1, 2, 0, 0, 0.03%, 3, 0, 1, 17.38, 24768, 18
1479, 121, 1, 2, 0, 0, 0.03%, 3, 0, 1, 16.68, 24852, 18
1484, 122, 1, 2, 0, 0, 0.03%, 3, 0, 1, 16.30, 24936, 18
1489, 122, 1, 2, 0, 0, 0.03%, 3, 0, 1, 15.52, 25012, 18
1494, 122, 1, 2, 0, 0, 0.03%, 3, 0, 1, 15.23, 25089, 18
1499, 123, 1, 2, 0, 0, 0.03%, 3, 0, 1, 15.39, 25169, 18
1504, 123, 1, 2, 0, 0, 0.03%, 3, 0, 1, 15.83, 25250, 18
1510, 124, 1, 2, 0, 0, 0.03%, 3, 0, 1, 15.80, 25329, 18
1515, 124, 1, 2, 0, 0, 0.03%, 3, 0, 1, 15.28, 25405, 18
1520, 124, 1, 2, 0, 0, 0.03%, 3, 0, 1, 15.37, 25482, 18
1525, 125, 1, 2, 0, 0, 0.03%, 3, 0, 1, 16.57, 25569, 18
1530, 125, 1, 2, 0, 0, 0.03%, 3, 0, 1, 16.89, 25654, 18
1535, 126, 1, 2, 0, 0, 0.03%, 3, 0, 1, 16.70, 25738, 18
1540, 126, 1, 2, 0, 0, 0.03%, 3, 0, 1, 17.45, 25823, 18
