# unix_time, cycles_done, cur_path, paths_total, pending_total, pending_favs, map_size, unique_crashes, unique_hangs, max_depth, execs_per_sec
1641409564, 0, 0, 1, 1, 1, 0.00%, 0, 0, 1, 109.76
1641409594, 2, 0, 1, 0, 0, 0.00%, 0, 0, 1, 14.55
1641409599, 4, 0, 1, 0, 0, 0.00%, 0, 0, 1, 12.36
1641409604, 7, 0, 1, 0, 0, 0.00%, 0, 0, 1, 11.71
1641409609, 9, 0, 1, 0, 0, 0.00%, 0, 0, 1, 13.64
1641409614, 12, 0, 1, 0, 0, 0.00%, 0, 0, 1, 14.91
1641409620, 15, 0, 1, 0, 0, 0.00%, 0, 0, 1, 15.63
1641409625, 18, 0, 1, 0, 0, 0.00%, 0, 0, 1, 10.31
1641409630, 22, 0, 1, 0, 0, 0.00%, 0, 0, 1, 14.96
1641409635, 24, 0, 1, 0, 0, 0.00%, 1, 0, 1, 14.91
1641409640, 27, 0, 1, 0, 0, 0.00%, 1, 0, 1, 13.99
1641409645, 30, 0, 1, 0, 0, 0.00%, 1, 0, 1, 14.05
1641409650, 32, 0, 1, 0, 0, 0.00%, 1, 0, 1, 15.76
1641409656, 34, 0, 1, 0, 0, 0.00%, 1, 0, 1, 2.70
1641409661, 37, 0, 1, 0, 0, 0.00%, 1, 0, 1, 14.66
1641409666, 40, 0, 1, 0, 0, 0.00%, 1, 0, 1, 13.91
1641409671, 43, 0, 1, 0, 0, 0.00%, 1, 0, 1, 15.41
1641409676, 46, 0, 1, 0, 0, 0.00%, 1, 0, 1, 15.46
1641409681, 49, 0, 1, 0, 0, 0.00%, 1, 0, 1, 18.39
1641409686, 52, 0, 1, 0, 0, 0.00%, 1, 0, 1, 15.56
1641409691, 54, 0, 1, 0, 0, 0.00%, 1, 0, 1, 14.35
1641409697, 57, 0, 1, 0, 0, 0.00%, 1, 0, 1, 9.91
1641409702, 60, 0, 1, 0, 0, 0.00%, 1, 0, 1, 12.51
1641409707, 63, 0, 1, 0, 0, 0.00%, 1, 0, 1, 14.08
1641409712, 66, 0, 1, 0, 0, 0.00%, 1, 0, 1, 15.65
1641409717, 69, 0, 1, 0, 0, 0.00%, 1, 0, 1, 15.37
1641409722, 72, 0, 1, 0, 0, 0.00%, 1, 0, 1, 14.37
1641409728, 75, 0, 1, 0, 0, 0.00%, 1, 0, 1, 1.88
1641409733, 77, 0, 1, 0, 0, 0.00%, 1, 0, 1, 14.49
1641409738, 80, 0, 1, 0, 0, 0.00%, 1, 0, 1, 14.93
1641409743, 83, 0, 1, 0, 0, 0.00%, 1, 0, 1, 14.84
1641409748, 86, 0, 1, 0, 0, 0.00%, 1, 0, 1, 13.74
1641409753, 89, 0, 1, 0, 0, 0.00%, 1, 0, 1, 14.04
1641409758, 92, 0, 1, 0, 0, 0.00%, 1, 0, 1, 14.14
1641409763, 94, 0, 1, 0, 0, 0.00%, 1, 0, 1, 7.46
1641409768, 96, 0, 1, 0, 0, 0.00%, 1, 0, 1, 11.69
1641409774, 99, 0, 1, 0, 0, 0.00%, 1, 0, 1, 12.61
1641409779, 102, 0, 1, 0, 0, 0.00%, 1, 0, 1, 14.13
1641409784, 105, 0, 1, 0, 0, 0.00%, 1, 0, 1, 14.03
1641409789, 107, 0, 1, 0, 0, 0.00%, 1, 0, 1, 13.40
1641409794, 110, 0, 1, 0, 0, 0.00%, 1, 0, 1, 13.66
1641409799, 113, 0, 1, 0, 0, 0.00%, 1, 0, 1, 14.27
1641409804, 117, 0, 1, 0, 0, 0.00%, 1, 0, 1, 17.47
1641409809, 120, 0, 1, 0, 0, 0.00%, 1, 0, 1, 17.90
1641409815, 124, 0, 1, 0, 0, 0.00%, 1, 0, 1, 17.24
1641409820, 126, 0, 1, 0, 0, 0.00%, 1, 0, 1, 15.73
1641409825, 128, 0, 1, 0, 0, 0.00%, 1, 0, 1, 14.74
1641409830, 132, 0, 1, 0, 0, 0.00%, 1, 0, 1, 17.12
1641409835, 136, 0, 1, 0, 0, 0.00%, 1, 0, 1, 17.75
1641409836, 137, 0, 1, 0, 0, 0.00%, 1, 0, 1, 0.00
